{
    "0": {
        "name": "dense/images/001.jpg",
        "focal": 1000,
        "split": "train",
        "c2w": [
            [
                -1.0000001192092896,
                0,
                0,
                0
            ],
            [
                0,
                -0.7341099977493286,
                0.67903071641922,
                2.737260103225708
            ],
            [
                0,
                0.6790306568145752,
                0.7341099977493286,
                2.959291696548462
            ],
            [
                0,
                0,
                0,
                1
            ]
        ]
    },
    "1": {
        "name": "dense/images/002.jpg",
        "focal": 800,
        "split": "train",
        "c2w": [
            [
                -1.0000001192092896,
                0,
                0,
                0
            ],
            [
                0,
                -0.7341099977493286,
                0.67903071641922,
                2.737260103225708
            ],
            [
                0,
                0.6790306568145752,
                0.7341099977493286,
                2.959291696548462
            ],
            [
                0,
                0,
                0,
                1
            ]
        ]
    },
    "2": {
        "name": "dense/images/003.jpg",
        "focal": 600,
        "split": "test",
        "c2w": [
            [
                -1.0000001192092896,
                0,
                0,
                0
            ],
            [
                0,
                -0.7341099977493286,
                0.67903071641922,
                2.737260103225708
            ],
            [
                0,
                0.6790306568145752,
                0.7341099977493286,
                2.959291696548462
            ],
            [
                0,
                0,
                0,
                1
            ]
        ]
    }
}